-3.758278120044139e-05 4.889335522071919e-06
-1.3629146026681931e-05 -9.929156969863415e-07
-2.4886085820933525e-06 -1.7603695572914142e-08
-6.143368542968974e-05 2.66399028970951e-05
-9.219284082132268e-06 -3.243215201914199e-05
5.500950654867961e-07 -3.887690671940171e-05
-5.787092695370544e-05 3.755642736252107e-05
1.318246426101116e-05 -0.00012402222203423965
-0.0001336765818726392 -3.8893072710323034e-05
-3.147899932916394e-05 6.54846849659312e-07
0.000156763507005229 -0.0003540141196365561
-0.0003316137568084225 -2.750597933756072e-06
-7.910182180593477e-06 -6.19430650425211e-05
3.2531540410811015e-05 -8.431916661078642e-05
1.6392804675876057e-05 0.00018497636929952862
0.00016591789952724644 -2.0281767166461686e-05
6.868382710064774e-05 1.4394947469701754e-06
-1.1499235016879676e-06 5.68566819536448e-06
-4.661396882516586e-05 -1.0555020600026738e-06
2.9255966598637292e-05 -9.461763465805368e-05
-0.00010068898700614661 3.887387895406542e-05
4.5448870108050595e-05 -2.5951492235423384e-05
2.5841086199819685e-08 5.7759394102624437e-05
-9.145847685051614e-05 3.6943748843480276e-05
-7.217018577809516e-05 -0.00022191213227320828
-0.0001869353824303748 -3.221963217006686e-05
-3.3896632466024643e-05 -2.8003886184507116e-06
-2.5754720627185038e-05 0.0003418001259876444
0.00025593990016108077 -2.196944338942856e-05
-1.2204743263718254e-05 -5.753187954128504e-05
-6.059329263973816e-05 -4.592416644578215e-08
-1.9399711498966313e-07 0.00010939934384947709
0.00012577138583292773 -1.1360838928872286e-07
-1.726122572648878e-07 -1.7066401563286802e-05
-2.2485608938150557e-05 5.139737299230499e-05
4.0807548356195775e-05 2.1253071578257923e-05
8.952156118585763e-06 -7.821069034160335e-07
-7.157274713996025e-07 3.6388114030279446e-06
2.596074408380309e-05 6.097308809587393e-05
4.28071959783865e-05 -7.938378943097415e-06
-1.2287898690643804e-06 0.0002553622361654616
0.0002127685440790548 -1.5196149951509014e-07
-1.8169076670644131e-06 -0.00017969280188789662
-0.00020944262335249295 -6.603521795055597e-05
-6.158354570725721e-05 5.640284226178455e-05
0.00011264921878480153 2.3408172807829505e-05
1.7601140702927607e-05 7.939631318361977e-07
0.00033800841494646244 -0.0002373265213511544
-0.00016790206026147706 -8.480735178550726e-06
1.0063971717313027e-05 -5.404813127944483e-05
-6.981292726734136e-05 -5.4441398483020956e-05
-3.46955923618725e-05 -0.00014824694334377074
-0.0001727673081171438 -8.857051894940512e-06
-2.3340119312304533e-06 -1.4079660927937145e-06
-2.2522813819215426e-05 2.5971995859756993e-06
1.1563184971447924e-05 7.267041367413233e-06
-3.79387139475232e-09 -1.2677871262204336e-05
-1.9167960830039166e-05 -7.05763094616624e-05
-6.089772040118616e-05 3.105865762879206e-05
-5.6410008398236124e-05 -6.282529200136395e-05
3.762002566678245e-05 -2.5660946756884616e-05
-1.0280148828917545e-05 0.00013295758066898098
0.00013988223413006532 -0.0002320741343405824
-0.00021188189917750397 -0.0001410121029997361
-6.9905381256035046e-06 3.6814092972026654e-05
5.024849968142641e-05 2.0879392780614035e-05
3.626719581881244e-05 -8.535328055268623e-07
-8.156194079930578e-07 -3.8223517746018455e-06
-1.7599108223392631e-06 1.578626809648921e-08
-3.9288285391213747e-07 9.239817624889716e-05
0.00011033896821987855 7.137675231764029e-05
3.6748229790294844e-06 -2.9211374601066904e-06
-6.017248463850897e-06 7.142574187474373e-05
3.854438498564353e-05 -3.973326509530003e-09
-9.232154973928276e-07 -1.0142843038992984e-06
